start=1117.120000
osd-level=3
speed=1.464100
pause=yes
