start=10.745000
volume=96.000000
fullscreen=yes
