start=279.022180
speed=1.652893
pause=yes
brightness=-2
vid=no
